 (8,6,12,9)   (-4,6,12,9)  (123,445,-12,35)  - (400,0,1,4) * - (-3,6,0,12) +
(4,3,2,7) (9,0,1,10) - (40,0,-3,2) *
(12,2,8,0)  (343,40,-18,5) + 
 (123,456,789,1)  (343,40,16,34) + (91,91,91,91)
 (23,30,6,4) (12,10,18,9)   (0,-20,34,845) * - 
 (1,-1,-1,0) (0,1,2,3) * (4,1,3,4) - 
 (3329,3415,45,3)
(2983,19,6,78)  (45,3,325,3) * (146,123,345,7465) - 
 (2983,9,3,4) BB (4,4,54,5) / 
(1,2,56,4) (-11,34,-5,5) (34,23,34,34)  (11,1,12,45) * * -
 (1,12,13,23) + (23,32,21,43)
(12,23,3,-71)  (23,34,2,23) 
(12,31,12,43) (99,89,12,54) - (32,32,93,89) * 
(12,21,0,0) (21,21,-2,5) + + 
 (10,20,2,3) (20,10,11,23) + (65,-34,21,23) -
(20,3456,34,45)  (472,1245,32,12)  (334,2345,21,65) * -
(10,20,30,40) (20,10,11,12) + (65,34,12,234) - (1212,34,645,6) +